maxEror = 0.000000 (asserted with 25.000000)
maxEror = 0.000000 (asserted with 24.000000)
maxEror = 0.000000 (asserted with 1.000000)
