test_cnt = 10000 
maxEror = 0.000000 (asserted with 25.000000)
maxEror = 0.000000 (asserted with 24.000000)
maxEror = 0.000000 (asserted with 1.000000)
maxEror = 0.000000 (asserted with -16.000000)
maxEror = 0.000000 (asserted with -17.000000)
maxEror = 0.000000 (asserted with 0.000000)
